datetime_JST,open,high,low,close,volume
2023-02-02,536.0,537.0,529.0,529.0,1153400.0
2023-02-03,529.0,532.0,523.0,525.0,2342900.0
2023-02-06,529.0,536.0,529.0,530.0,1850100.0
2023-02-07,531.0,533.0,526.0,526.0,1129700.0
2023-02-08,526.0,531.0,526.0,530.0,841900.0
2023-02-09,528.0,532.0,527.0,529.0,903600.0
2023-02-10,527.0,528.0,524.0,527.0,2814600.0
2023-02-13,527.0,527.0,522.0,524.0,1725900.0
2023-02-14,527.0,530.0,526.0,528.0,1027100.0
2023-02-15,530.0,535.0,530.0,532.0,847600.0
2023-02-16,533.0,534.0,528.0,529.0,892300.0
2023-02-17,530.0,537.0,529.0,537.0,1190100.0
2023-02-20,542.0,544.0,540.0,544.0,1179300.0
2023-02-21,543.0,545.0,541.0,542.0,810600.0
2023-02-22,542.0,544.0,537.0,538.0,1388300.0
2023-02-24,538.0,540.0,535.0,540.0,1541500.0
2023-02-27,542.0,550.0,542.0,550.0,930400.0
2023-02-28,550.0,552.0,545.0,546.0,1412900.0
2023-03-01,542.0,547.0,540.0,542.0,1251200.0
2023-03-02,544.0,546.0,541.0,541.0,1117000.0
2023-03-03,541.0,547.0,541.0,545.0,1299300.0
2023-03-06,544.0,546.0,542.0,545.0,1047000.0
2023-03-07,545.0,550.0,545.0,547.0,954600.0
2023-03-08,547.0,553.0,547.0,553.0,905000.0
2023-03-09,554.0,558.0,553.0,557.0,1417600.0
2023-03-10,554.0,560.0,553.0,555.0,2380800.0
2023-03-13,552.0,553.0,543.0,547.0,1686700.0
2023-03-14,541.0,542.0,535.0,538.0,2129400.0
2023-03-15,544.0,549.0,543.0,547.0,1395800.0
2023-03-16,538.0,541.0,536.0,538.0,1897500.0
2023-03-17,539.0,542.0,537.0,537.0,2387500.0
2023-03-20,537.0,539.0,534.0,535.0,1641300.0
2023-03-22,542.0,544.0,540.0,542.0,1545900.0
2023-03-23,542.0,545.0,541.0,544.0,1379700.0
2023-03-24,544.0,550.0,544.0,549.0,1966400.0
2023-03-27,553.0,554.0,549.0,549.0,1338500.0
2023-03-28,550.0,551.0,545.0,548.0,1864800.0
2023-03-29,551.0,555.0,549.0,555.0,2973400.0
2023-03-30,543.0,545.0,538.0,540.0,2067500.0
2023-03-31,545.0,547.0,542.0,543.0,1954000.0
2023-04-03,546.0,551.0,543.0,551.0,1279600.0
2023-04-04,552.0,552.0,547.0,551.0,1026100.0
2023-04-05,549.0,552.0,543.0,545.0,1727400.0
2023-04-06,545.0,552.0,543.0,552.0,597800.0
2023-04-07,550.0,551.0,548.0,548.0,1419300.0
2023-04-10,550.0,552.0,549.0,549.0,980000.0
2023-04-11,549.0,556.0,548.0,554.0,1909500.0
2023-04-12,555.0,565.0,553.0,560.0,2372900.0
2023-04-13,561.0,565.0,557.0,564.0,1609800.0
2023-04-14,567.0,569.0,565.0,567.0,2056900.0
2023-04-17,567.0,567.0,561.0,566.0,1456000.0
2023-04-18,573.0,584.0,572.0,580.0,2500900.0
2023-04-19,579.0,581.0,575.0,581.0,1704600.0
